SAMPLE_NAME	BAIT_SET	GENOME_SIZE	BAIT_TERRITORY	TARGET_TERRITORY	BAIT_DESIGN_EFFICIENCY	TOTAL_READS	PF_READS	PF_UNIQUE_READS	PCT_PF_READS	PCT_PF_UQ_READS	PF_UQ_READS_ALIGNED	PCT_PF_UQ_READS_ALIGNED	PF_UQ_BASES_ALIGNED	ON_BAIT_BASES	NEAR_BAIT_BASES	OFF_BAIT_BASES	ON_TARGET_BASES	PCT_SELECTED_BASES	PCT_OFF_BAIT	ON_BAIT_VS_SELECTED	MEAN_BAIT_COVERAGE	MEAN_TARGET_COVERAGE	PCT_USABLE_BASES_ON_BAIT	PCT_USABLE_BASES_ON_TARGET	FOLD_ENRICHMENT	ZERO_CVG_TARGETS_PCT	FOLD_80_BASE_PENALTY	PCT_TARGET_BASES_2X	PCT_TARGET_BASES_10X	PCT_TARGET_BASES_20X	PCT_TARGET_BASES_30X	PCT_TARGET_BASES_40X	PCT_TARGET_BASES_50X	PCT_TARGET_BASES_100X	HS_LIBRARY_SIZE	HS_PENALTY_10X	HS_PENALTY_20X	HS_PENALTY_30X	HS_PENALTY_40X	HS_PENALTY_50X	HS_PENALTY_100X	AT_DROPOUT	GC_DROPOUT	SAMPLE	LIBRARY	READ_GROUP
10A	nexterarapidcapture_expandedexome_probes	3137161264	32382013	62286318	1.923485	26217077	26217077	22513153	1	0.858721	20641138	0.916848	1880481916	987853346	663853383	228775187	1366463019	0.878342	0.121658	0.59808	30.506236	22.184536	0.373067	0.516051	50.892796	0.01499	7.394845	0.86209	0.582854	0.36794	0.238464	0.161249	0.114152	0.02596	33911920	32.309636	-1	-1	-1	-1	-1	21.36622	1.514632
11A	nexterarapidcapture_expandedexome_probes	3137161264	32382013	62286318	1.923485	62269048	62269048	55187318	1	0.886272	49927684	0.904695	4695961291	1578378936	1444581829	1673000526	2271731687	0.643736	0.356264	0.52213	48.742459	36.797921	0.250968	0.361213	32.562652	0.01034	3.679792	0.934124	0.79612	0.621738	0.463706	0.33777	0.244477	0.060044	68617679	8.763779	10.571599	14.153449	-1	-1	-1	15.562585	1.657918
12A	nexterarapidcapture_expandedexome_probes	3137161264	32382013	62286318	1.923485	50212015	50212015	44191115	1	0.88009	39820854	0.901105	3767750581	1456324748	1317943436	993482397	2095331918	0.736319	0.263681	0.52494	44.973262	33.943057	0.287163	0.413165	37.446315	0.01036	3.771451	0.926823	0.785806	0.598661	0.432512	0.304742	0.214262	0.047412	62628784	7.964106	9.944098	14.81723	-1	-1	-1	14.577892	1.854214
12M	nexterarapidcapture_expandedexome_probes	3137161264	32382013	62286318	1.923485	36216512	36216512	32586270	1	0.899763	29424648	0.902977	2782554044	995119689	936468396	850965959	1445324946	0.694178	0.305822	0.515182	30.730631	23.436491	0.272049	0.395128	34.646926	0.01214	3.906082	0.913923	0.71293	0.46057	0.276486	0.164423	0.10076	0.010494	52017684	9.273995	13.04096	-1	-1	-1	-1	12.112125	2.278559
12P	nexterarapidcapture_expandedexome_probes	3137161264	32382013	62286318	1.923485	50613957	50613957	45154825	1	0.892142	40858790	0.90486	3841298111	1357367452	1220351778	1263578881	1946313273	0.671054	0.328946	0.526577	41.917328	31.528728	0.265525	0.380733	34.233588	0.010668	3.941091	0.924944	0.764297	0.56581	0.3985	0.274792	0.190205	0.039007	62524849	9.212309	11.758366	18.93113	-1	-1	-1	14.757468	1.917176
13A	nexterarapidcapture_expandedexome_probes	3137161264	32382013	62286318	1.923485	40904507	40904507	36539453	1	0.893287	33217905	0.909097	3155588449	1061830397	1005523764	1088234288	1544715531	0.655141	0.344859	0.513618	32.790747	25.017268	0.257017	0.3739	32.599264	0.010718	3.573895	0.919872	0.72423	0.481144	0.300005	0.186547	0.120197	0.015502	49233832	8.904278	12.190161	-1	-1	-1	-1	14.634601	1.791097
14A	nexterarapidcapture_expandedexome_probes	3137161264	32382013	62286318	1.923485	73844100	73844100	64478640	1	0.873173	57943304	0.898643	5521040807	2085328832	1941291895	1494420080	3031780727	0.729323	0.270677	0.517886	64.397752	49.138647	0.2796	0.4065	36.592037	0.011115	4.094887	0.93509	0.823736	0.684898	0.553193	0.440814	0.350142	0.122639	86670333	8.419454	9.820983	12.163538	17.929828	-1	-1	18.341346	1.609786
3A	nexterarapidcapture_expandedexome_probes	3137161264	32382013	62286318	1.923485	39275765	39275765	34490862	1	0.878172	30974783	0.898058	2855414748	1202261956	905311933	747840859	1656055466	0.738097	0.261903	0.570448	37.127462	26.867974	0.303077	0.417473	40.790864	0.013498	6.716994	0.875396	0.639415	0.428908	0.291999	0.206566	0.152995	0.045755	47798870	18.667978	-1	-1	-1	-1	-1	24.988206	1.03011
3M	nexterarapidcapture_expandedexome_probes	3137161264	32382013	62286318	1.923485	28194550	28194550	25180212	1	0.893088	22499080	0.893522	2056271618	901336692	653040650	501894276	1231173097	0.75592	0.24408	0.57987	27.834486	19.991907	0.31652	0.432347	42.465826	0.015447	6.663969	0.844607	0.55423	0.331218	0.20702	0.139119	0.099283	0.019	41179072	20.565134	-1	-1	-1	-1	-1	24.308564	1.189357
3P	nexterarapidcapture_expandedexome_probes	3137161264	32382013	62286318	1.923485	48809911	48809911	41514637	1	0.850537	37088700	0.893389	3421755111	1569476726	1144817730	707460655	2149742121	0.793246	0.206754	0.578226	48.467547	34.842837	0.318365	0.436071	44.436409	0.011687	6.968567	0.88236	0.685671	0.503666	0.371973	0.279549	0.215233	0.080943	52006927	17.208595	-1	-1	-1	-1	-1	25.555494	1.19025
4A	nexterarapidcapture_expandedexome_probes	3137161264	32382013	62286318	1.923485	33976807	33976807	29650890	1	0.87268	26559434	0.895738	2444164501	1092243993	806347919	545572589	1497517675	0.776786	0.223214	0.575292	33.72996	24.277901	0.318285	0.436383	43.293454	0.012627	6.069475	0.867278	0.616541	0.39833	0.262212	0.180785	0.131457	0.034551	42254071	16.241589	-1	-1	-1	-1	-1	24.066028	1.179893
4M	nexterarapidcapture_expandedexome_probes	3137161264	32382013	62286318	1.923485	51282728	51282728	44847610	1	0.874517	39926509	0.890271	3679683391	1634594378	1240163454	804925559	2255894864	0.781251	0.218749	0.568602	50.478467	36.603633	0.315586	0.435538	43.036064	0.012836	6.100605	0.894727	0.711918	0.531253	0.395697	0.298221	0.229168	0.084518	65787052	13.005785	22.771567	-1	-1	-1	-1	24.736342	1.125641
4P	nexterarapidcapture_expandedexome_probes	3137161264	32382013	62286318	1.923485	37980252	37980252	33308222	1	0.876988	30006836	0.900884	2756839259	1170508043	862373486	723957730	1604135717	0.737396	0.262604	0.575788	36.146859	25.998664	0.305137	0.418179	41.133528	0.012433	6.499666	0.870078	0.627392	0.418521	0.283903	0.199689	0.146776	0.042469	45406763	18.221164	-1	-1	-1	-1	-1	24.484207	1.197672
5A	nexterarapidcapture_expandedexome_probes	3137161264	32382013	62286318	1.923485	37663569	37663569	34033561	1	0.90362	31104181	0.913927	2795794767	1340675242	912467999	542651526	1830338755	0.805904	0.194096	0.595024	41.40185	29.691342	0.36008	0.491594	46.457015	0.013179	7.422835	0.877071	0.659575	0.464739	0.32803	0.236235	0.175702	0.056807	67151069	15.760042	-1	-1	-1	-1	-1	23.499011	1.18202
5M	nexterarapidcapture_expandedexome_probes	3137161264	32382013	62286318	1.923485	86551204	86551204	71595191	1	0.8272	64788917	0.904934	5431484535	2859098820	1583825265	988560450	3708422349	0.817994	0.182006	0.643517	88.292807	60.109286	0.334168	0.433436	50.996882	0.011672	7.513661	0.911438	0.772483	0.655931	0.558873	0.475017	0.402624	0.181851	79961820	14.589558	27.69243	-1	-1	-1	-1	22.267809	1.026496
5P	nexterarapidcapture_expandedexome_probes	3137161264	32382013	62286318	1.923485	22134591	22134591	20387077	1	0.921051	18591109	0.911907	1663334948	850026286	569568433	243740229	1158104124	0.853463	0.146537	0.598781	26.249952	18.789801	0.389482	0.530644	49.50917	0.014666	9.394901	0.837984	0.544045	0.318836	0.193392	0.125375	0.086366	0.014901	53218140	27.391943	-1	-1	-1	-1	-1	21.234474	1.501185
8A	nexterarapidcapture_expandedexome_probes	3137161264	32382013	62286318	1.923485	64127804	64127804	54144753	1	0.844326	49078410	0.90643	4171564249	2316529038	1295350565	559684646	3015308409	0.865833	0.134167	0.641364	71.537524	48.842662	0.36607	0.476495	53.798704	0.010917	8.140444	0.892919	0.736887	0.599978	0.488605	0.396942	0.323094	0.133802	73317787	15.917547	-1	-1	-1	-1	-1	23.866042	1.048547
8M	nexterarapidcapture_expandedexome_probes	3137161264	32382013	62286318	1.923485	64271736	64271736	54989030	1	0.855571	49716533	0.904117	4178752613	2330581571	1271763815	576407227	3020467116	0.862062	0.137938	0.646962	71.971485	48.985582	0.367443	0.476212	54.031951	0.012309	9.797116	0.883183	0.721272	0.584282	0.475462	0.38809	0.318277	0.136759	79661828	20.304471	-1	-1	-1	-1	-1	25.18027	0.904578
8P	nexterarapidcapture_expandedexome_probes	3137161264	32382013	62286318	1.923485	49302225	49302225	43219857	1	0.876631	39261415	0.908411	3353093045	1736876469	993785987	622430589	2270710177	0.814371	0.185629	0.636064	53.637075	36.790262	0.356382	0.465917	50.182966	0.01124	9.197566	0.875343	0.679431	0.516415	0.394071	0.302302	0.23478	0.087687	66798267	21.795434	-1	-1	-1	-1	-1	23.733928	1.246838
9A	nexterarapidcapture_expandedexome_probes	3137161264	32382013	62286318	1.923485	62398970	62398970	51086087	1	0.818701	46569539	0.911589	4092166001	2182011774	1336483668	573670559	2932634106	0.859812	0.140188	0.620155	67.383451	47.510609	0.346225	0.465328	51.657912	0.010961	7.918435	0.900471	0.724022	0.576792	0.462621	0.37347	0.304066	0.130044	58457767	17.010757	-1	-1	-1	-1	-1	25.081925	1.246595
9F	nexterarapidcapture_expandedexome_probes	3137161264	32382013	62286318	1.923485	40767289	40767289	34409749	1	0.844053	31485889	0.915028	2794481203	1438073813	904920892	451486498	1948845724	0.838436	0.161564	0.613776	44.409648	31.589673	0.349259	0.473308	49.85549	0.01214	7.897418	0.879419	0.65474	0.472424	0.3443	0.255145	0.193367	0.066343	43784212	22.706961	-1	-1	-1	-1	-1	23.467296	1.297703
9M	nexterarapidcapture_expandedexome_probes	3137161264	32382013	62286318	1.923485	78889635	78889635	64608585	1	0.818974	58774668	0.909704	5172917274	2800232517	1700997124	671687633	3760032638	0.870153	0.129847	0.622104	86.474936	60.945572	0.351441	0.4719	52.443487	0.011687	8.70651	0.907215	0.749277	0.620869	0.519143	0.436823	0.369799	0.180485	75620693	16.824012	-1	-1	-1	-1	-1	26.886043	1.264228
9P	nexterarapidcapture_expandedexome_probes	3137161264	32382013	62286318	1.923485	54202580	54202580	44192465	1	0.81532	40405167	0.9143	3605164447	1957789956	1216824389	430550102	2646536096	0.880574	0.119426	0.616702	60.45918	42.87699	0.357622	0.483433	52.610692	0.011016	8.575398	0.890986	0.707956	0.554628	0.437291	0.34722	0.278255	0.111186	51671051	21.025608	-1	-1	-1	-1	-1	23.569149	1.390272
9S	nexterarapidcapture_expandedexome_probes	3137161264	32382013	62286318	1.923485	62882695	62882695	50144542	1	0.79743	45768484	0.912731	4098955119	2176920583	1384338352	537696184	2958802827	0.868821	0.131179	0.611278	67.226228	47.978066	0.34276	0.465869	51.452019	0.012234	7.996344	0.897877	0.722503	0.576971	0.464003	0.37628	0.307964	0.132968	52697255	18.315655	-1	-1	-1	-1	-1	25.1095	1.269508
